   2.18       1 5.64916       0
2.17194 1.00592 5.64916       1
2.16389 1.01185 5.64916       1
2.15583 1.01777 5.64916       1
2.14777  1.0237 5.64916       1
2.13972 1.02962 5.64916       1
2.13166 1.03554 5.64916       1
 2.1236 1.04147 5.64916       1
2.11555 1.04739 5.64916       1
2.10749 1.05332 5.64916       1
2.09943 1.05924 5.64916       1
2.09138 1.06516 5.64916       1
2.08332 1.07109 5.64916       1
2.07527 1.07701 5.64916       1
2.06721 1.08293 5.64916       1
2.05915 1.08886 5.64916       1
 2.0511 1.09478 5.64916       1
2.04304 1.10071 5.64916       1
2.03498 1.10663 5.64916       1
2.02693 1.11255 5.64916       1
2.01887 1.11848 5.64916       1
2.01081  1.1244 5.64916       1
2.00276 1.13033 5.64916       1
 1.9947 1.13625 5.64916       1
1.98664 1.14217 5.64916       1
1.97859  1.1481 5.64916       1
1.97053 1.15402 5.64916       1
1.96247 1.15995 5.64916       1
1.95442 1.16587 5.64916       1
1.94636 1.17179 5.64916       1
 1.9383 1.17772 5.64916       1
1.93025 1.18364 5.64916       1
1.92219 1.18956 5.64916       1
1.91414 1.19549 5.64916       1
1.90608 1.20141 5.64916       1
1.89802 1.20734 5.64916       1
1.88997 1.21326 5.64916       1
1.88191 1.21918 5.64916       1
1.87385 1.22511 5.64916       1
 1.8658 1.23103 5.64916       1
1.85774 1.23696 5.64916       1
1.84968 1.24288 5.64916       1
1.84163  1.2488 5.64916       1
1.83357 1.25473 5.64916       1
1.82551 1.26065 5.64916       1
1.81746 1.26658 5.64916       1
 1.8094  1.2725 5.64916       1
1.80134 1.27842 5.64916       1
1.79329 1.28435 5.64916       1
1.78523 1.29027 5.64916       1
1.77717  1.2962 5.64916       1
1.76912 1.30212 5.64916       1
1.76106 1.30804 5.64916       1
  1.753 1.31397 5.64916       1
1.74495 1.31989 5.64916       1
1.73689 1.32581 5.64916       1
1.72884 1.33174 5.64916       1
1.72078 1.33766 5.64916       1
1.71272 1.34359 5.64916       1
1.70467 1.34951 5.64916       1
1.69661 1.35543 5.64916       1
1.68855 1.36136 5.64916       1
1.68757 1.36208 5.64916       0
1.67983 1.36839 5.54916       1
1.67275 1.37545 5.44916       1
1.66641 1.38318 5.34916       1
1.66085 1.39149 5.27598       1
 1.6555 1.39994 5.27598       1
1.65016 1.40839 5.27598       1
1.64482 1.41685 5.27598       1
1.63948  1.4253 5.27598       1
1.63413 1.43376 5.27598       1
1.62879 1.44221 5.27598       1
1.62345 1.45066 5.27598       1
1.61801 1.45905  5.3239       1
1.61187 1.46694  5.4239       1
1.60497 1.47417  5.5239       1
1.59739 1.48069  5.6239       1
1.58919 1.48641  5.7239       1
1.58046 1.49128  5.8239       1
1.57129 1.49526  5.9239       1
1.56177  1.4983  6.0239       1
1.55199 1.50038  6.1239       1
1.54206 1.50147  6.2239       1
1.53206 1.50156  6.3239       1
1.52211 1.50065  6.4239       1
1.51229 1.49876  6.5239       1
1.50272 1.49589  6.6239       1
1.49347 1.49209  6.7239       1
1.48466 1.48738  6.8239       1
1.48907 1.49054  6.9239      -1
1.49677 1.49691  7.0239      -1
     1.5      1.5 0.785398        0
 1.50707  1.50707 0.785398       -1
 1.51414  1.51414 0.785398       -1
 1.52121  1.52121 0.785398       -1
 1.52828  1.52828 0.785398       -1
 1.53536  1.53536 0.785398       -1
 1.54243  1.54243 0.785398       -1
  1.5495   1.5495 0.785398       -1
 1.55657  1.55657 0.785398       -1
 1.56364  1.56364 0.785398       -1
 1.57071  1.57071 0.785398       -1
 1.57778  1.57778 0.785398       -1
 1.58485  1.58485 0.785398       -1
 1.59192  1.59192 0.785398       -1
 1.59899  1.59899 0.785398       -1
 1.60607  1.60607 0.785398       -1
 1.61314  1.61314 0.785398       -1
 1.62021  1.62021 0.785398       -1
 1.62728  1.62728 0.785398       -1
 1.63435  1.63435 0.785398       -1
 1.64142  1.64142 0.785398       -1
 1.64849  1.64849 0.785398       -1
 1.65556  1.65556 0.785398       -1
 1.66263  1.66263 0.785398       -1
 1.66463  1.66463 0.785398        0
  1.6717   1.6717 0.785398       -1
 1.67877  1.67877 0.785398       -1
 1.68584  1.68584 0.785398       -1
 1.69291  1.69291 0.785398       -1
 1.69999  1.69999 0.785398       -1
 1.70706  1.70706 0.785398       -1
 1.71413  1.71413 0.785398       -1
  1.7212   1.7212 0.785398       -1
 1.72827  1.72827 0.785398       -1
 1.73534  1.73534 0.785398       -1
 1.74241  1.74241 0.785398       -1
 1.74948  1.74948 0.785398       -1
 1.75655  1.75655 0.785398       -1
 1.76362  1.76362 0.785398       -1
  1.7707   1.7707 0.785398       -1
 1.77777  1.77777 0.785398       -1
 1.78484  1.78484 0.785398       -1
 1.79191  1.79191 0.785398       -1
 1.79898  1.79898 0.785398       -1
 1.80605  1.80605 0.785398       -1
 1.81312  1.81312 0.785398       -1
 1.82019  1.82019 0.785398       -1
 1.82726  1.82726 0.785398       -1
 1.83434  1.83434 0.785398       -1
 1.84141  1.84141 0.785398       -1
 1.84848  1.84848 0.785398       -1
 1.85555  1.85555 0.785398       -1
 1.86262  1.86262 0.785398       -1
 1.86969  1.86969 0.785398       -1
 1.87676  1.87676 0.785398       -1
 1.88383  1.88383 0.785398       -1
  1.8909   1.8909 0.785398       -1
 1.89798  1.89798 0.785398       -1
 1.90505  1.90505 0.785398       -1
 1.91212  1.91212 0.785398       -1
 1.91919  1.91919 0.785398       -1
 1.92626  1.92626 0.785398       -1
 1.93333  1.93333 0.785398       -1
  1.9404   1.9404 0.785398       -1
 1.94747  1.94747 0.785398       -1
 1.95454  1.95454 0.785398       -1
 1.96161  1.96161 0.785398       -1
 1.96869  1.96869 0.785398       -1
 1.97576  1.97576 0.785398       -1
 1.98283  1.98283 0.785398       -1
  1.9899   1.9899 0.785398       -1
 1.99697  1.99697 0.785398       -1
 2.00404  2.00404 0.785398       -1
 2.01111  2.01111 0.785398       -1
 2.01818  2.01818 0.785398       -1
 2.02525  2.02525 0.785398       -1
 2.03233  2.03233 0.785398       -1
  2.0394   2.0394 0.785398       -1
 2.04647  2.04647 0.785398       -1
 2.05354  2.05354 0.785398       -1
 2.06061  2.06061 0.785398       -1
 2.06768  2.06768 0.785398       -1
 2.07475  2.07475 0.785398       -1
 2.08182  2.08182 0.785398       -1
 2.08889  2.08889 0.785398       -1
 2.09597  2.09597 0.785398       -1
 2.10304  2.10304 0.785398       -1
 2.11011  2.11011 0.785398       -1
 2.11718  2.11718 0.785398       -1
 2.12425  2.12425 0.785398       -1
 2.13132  2.13132 0.785398       -1
 2.13839  2.13839 0.785398       -1
 2.14546  2.14546 0.785398       -1
 2.15253  2.15253 0.785398       -1
  2.1596   2.1596 0.785398       -1
 2.16668  2.16668 0.785398       -1
 2.17375  2.17375 0.785398       -1
 2.18082  2.18082 0.785398       -1
 2.18789  2.18789 0.785398       -1
 2.19496  2.19496 0.785398       -1
 2.20203  2.20203 0.785398       -1
  2.2091   2.2091 0.785398       -1
 2.21617  2.21617 0.785398       -1
 2.22324  2.22324 0.785398       -1
 2.23032  2.23032 0.785398       -1
 2.23739  2.23739 0.785398       -1
 2.24446  2.24446 0.785398       -1
 2.25153  2.25153 0.785398       -1
  2.2586   2.2586 0.785398       -1
 2.26567  2.26567 0.785398       -1
 2.27274  2.27274 0.785398       -1
 2.27981  2.27981 0.785398       -1
 2.28688  2.28688 0.785398       -1
 2.29396  2.29396 0.785398       -1
 2.30103  2.30103 0.785398       -1
  2.3081   2.3081 0.785398       -1
 2.31517  2.31517 0.785398       -1
 2.32224  2.32224 0.785398       -1
 2.32931  2.32931 0.785398       -1
 2.33638  2.33638 0.785398       -1
 2.34345  2.34345 0.785398       -1
 2.35052  2.35052 0.785398       -1
 2.35759  2.35759 0.785398       -1
 2.36467  2.36467 0.785398       -1
 2.37174  2.37174 0.785398       -1
 2.37881  2.37881 0.785398       -1
 2.38588  2.38588 0.785398       -1
 2.39295  2.39295 0.785398       -1
 2.40002  2.40002 0.785398       -1
 2.40709  2.40709 0.785398       -1
 2.41416  2.41416 0.785398       -1
 2.42123  2.42123 0.785398       -1
 2.42831  2.42831 0.785398       -1
 2.43538  2.43538 0.785398       -1
 2.44245  2.44245 0.785398       -1
 2.44952  2.44952 0.785398       -1
 2.45659  2.45659 0.785398       -1
 2.46366  2.46366 0.785398       -1
 2.47073  2.47073 0.785398       -1
  2.4778   2.4778 0.785398       -1
     2.48406      2.48406     0.785398            0
     2.49077      2.49147     0.885398           -1
      2.4967      2.49952     0.985398           -1
      2.5018      2.50812       1.0854           -1
     2.50602      2.51718       1.1854           -1
     2.50948      2.52656      1.19973           -1
     2.51357      2.53568      1.09973           -1
     2.51854      2.54435     0.999734           -1
     2.52436      2.55248     0.899734           -1
     2.53096      2.55999     0.799734           -1
     2.53827       2.5668     0.699734           -1
     2.54623      2.57285     0.599734           -1
     2.55476      2.57807     0.499734           -1
     2.56376      2.58242     0.399734           -1
     2.57315      2.58584     0.299734           -1
     2.58283      2.58831     0.199734           -1
     2.59272       2.5898    0.0997344           -1
      2.6027       2.5903 -0.000265563           -1
     2.61268       2.5898    -0.100266           -1
     2.62257       2.5883    -0.200266           -1
     2.62589      2.58768    -0.300266            1
      2.6165      2.59111    -0.400266            1
      2.6075      2.59546    -0.500266            1
      2.6       2.6 -0.588003         0
  2.60832   2.59445 -0.588003        -1
  2.61664   2.58891 -0.588003        -1
  2.62496   2.58336 -0.588003        -1
  2.63328   2.57781 -0.588003        -1
   2.6416   2.57226 -0.588003        -1
  2.64992   2.56672 -0.588003        -1
  2.65824   2.56117 -0.588003        -1
  2.66656   2.55562 -0.588003        -1
  2.67488   2.55008 -0.588003        -1
  2.68321   2.54453 -0.588003        -1
  2.69153   2.53898 -0.588003        -1
  2.69985   2.53344 -0.588003        -1
  2.70817   2.52789 -0.588003        -1
  2.71649   2.52234 -0.588003        -1
  2.72481   2.51679 -0.588003        -1
  2.73313   2.51125 -0.588003        -1
  2.73642   2.50905 -0.588003         0
  2.74474    2.5035 -0.588003        -1
  2.75306   2.49796 -0.588003        -1
  2.76139   2.49241 -0.588003        -1
  2.76971   2.48686 -0.588003        -1
  2.77803   2.48132 -0.588003        -1
  2.78635   2.47577 -0.588003        -1
  2.79467   2.47022 -0.588003        -1
  2.80299   2.46467 -0.588003        -1
  2.81131   2.45913 -0.588003        -1
  2.81963   2.45358 -0.588003        -1
  2.82795   2.44803 -0.588003        -1
  2.83627   2.44249 -0.588003        -1
  2.84459   2.43694 -0.588003        -1
  2.85291   2.43139 -0.588003        -1
  2.86123   2.42585 -0.588003        -1
  2.86955    2.4203 -0.588003        -1
  2.87787   2.41475 -0.588003        -1
  2.88619    2.4092 -0.588003        -1
  2.89451   2.40366 -0.588003        -1
  2.90283   2.39811 -0.588003        -1
  2.91115   2.39256 -0.588003        -1
  2.91947   2.38702 -0.588003        -1
   2.9278   2.38147 -0.588003        -1
  2.93612   2.37592 -0.588003        -1
  2.94444   2.37038 -0.588003        -1
  2.95276   2.36483 -0.588003        -1
  2.96108   2.35928 -0.588003        -1
   2.9694   2.35373 -0.588003        -1
  2.97772   2.34819 -0.588003        -1
  2.98604   2.34264 -0.588003        -1
  2.99436   2.33709 -0.588003        -1
  3.00268   2.33155 -0.588003        -1
    3.011     2.326 -0.588003        -1
  3.01932   2.32045 -0.588003        -1
  3.02764   2.31491 -0.588003        -1
  3.03596   2.30936 -0.588003        -1
  3.04428   2.30381 -0.588003        -1
   3.0526   2.29826 -0.588003        -1
  3.06092   2.29272 -0.588003        -1
    3.06358     2.29095   -0.588003           0
    3.07161       2.285   -0.688003          -1
      3.079     2.27827   -0.788003          -1
    3.08569     2.27084   -0.888003          -1
     3.0916     2.26278   -0.988003          -1
    3.09684     2.25426    -1.00234          -1
    3.10263     2.24612   -0.902339          -1
    3.10921     2.23859   -0.802339          -1
    3.11651     2.23176   -0.702339          -1
    3.12445     2.22569   -0.602339          -1
    3.13296     2.22045   -0.502339          -1
    3.14195     2.21608   -0.402339          -1
    3.15133     2.21263   -0.302339          -1
    3.16101     2.21013   -0.202339          -1
    3.17089     2.20862   -0.102339          -1
    3.18087      2.2081 -0.00233888          -1
    3.19086     2.20857   0.0976611          -1
    3.20075     2.21004    0.197661          -1
    3.21044     2.21249    0.297661          -1
    3.21983      2.2159    0.397661          -1
    3.22297     2.21716    0.497661           1
    3.21444     2.21195    0.597661           1
    3.20647     2.20592    0.697661           1
     3.2      2.2 0.785398        0
 3.20707  2.20707 0.785398       -1
 3.21414  2.21414 0.785398       -1
 3.22121  2.22121 0.785398       -1
 3.22828  2.22828 0.785398       -1
 3.23536  2.23536 0.785398       -1
 3.24243  2.24243 0.785398       -1
  3.2495   2.2495 0.785398       -1
 3.25657  2.25657 0.785398       -1
 3.26364  2.26364 0.785398       -1
 3.27071  2.27071 0.785398       -1
 3.27778  2.27778 0.785398       -1
 3.28485  2.28485 0.785398       -1
 3.29192  2.29192 0.785398       -1
 3.29899  2.29899 0.785398       -1
 3.30607  2.30607 0.785398       -1
 3.31314  2.31314 0.785398       -1
 3.31594  2.31594 0.785398        0
 3.32301  2.32301 0.785398       -1
 3.33008  2.33008 0.785398       -1
 3.33715  2.33715 0.785398       -1
 3.34422  2.34422 0.785398       -1
 3.35129  2.35129 0.785398       -1
 3.35836  2.35836 0.785398       -1
 3.36544  2.36544 0.785398       -1
 3.37251  2.37251 0.785398       -1
 3.37958  2.37958 0.785398       -1
 3.38665  2.38665 0.785398       -1
 3.39372  2.39372 0.785398       -1
 3.40079  2.40079 0.785398       -1
 3.40786  2.40786 0.785398       -1
 3.41493  2.41493 0.785398       -1
   3.422    2.422 0.785398       -1
 3.42907  2.42907 0.785398       -1
 3.43615  2.43615 0.785398       -1
 3.44322  2.44322 0.785398       -1
 3.45029  2.45029 0.785398       -1
 3.45736  2.45736 0.785398       -1
 3.46443  2.46443 0.785398       -1
  3.4715   2.4715 0.785398       -1
 3.47857  2.47857 0.785398       -1
 3.48564  2.48564 0.785398       -1
 3.49271  2.49271 0.785398       -1
 3.49979  2.49979 0.785398       -1
 3.50686  2.50686 0.785398       -1
 3.51393  2.51393 0.785398       -1
   3.521    2.521 0.785398       -1
 3.52807  2.52807 0.785398       -1
 3.53514  2.53514 0.785398       -1
 3.54221  2.54221 0.785398       -1
 3.54928  2.54928 0.785398       -1
 3.55635  2.55635 0.785398       -1
 3.56343  2.56343 0.785398       -1
  3.5705   2.5705 0.785398       -1
 3.57757  2.57757 0.785398       -1
 3.58464  2.58464 0.785398       -1
 3.59171  2.59171 0.785398       -1
 3.59878  2.59878 0.785398       -1
 3.60585  2.60585 0.785398       -1
 3.61292  2.61292 0.785398       -1
 3.61999  2.61999 0.785398       -1
 3.62706  2.62706 0.785398       -1
 3.63414  2.63414 0.785398       -1
 3.64121  2.64121 0.785398       -1
 3.64828  2.64828 0.785398       -1
 3.65535  2.65535 0.785398       -1
 3.66242  2.66242 0.785398       -1
 3.66949  2.66949 0.785398       -1
 3.67656  2.67656 0.785398       -1
 3.68363  2.68363 0.785398       -1
  3.6907   2.6907 0.785398       -1
 3.69778  2.69778 0.785398       -1
 3.70485  2.70485 0.785398       -1
 3.71192  2.71192 0.785398       -1
 3.71899  2.71899 0.785398       -1
 3.72606  2.72606 0.785398       -1
 3.73313  2.73313 0.785398       -1
  3.7402   2.7402 0.785398       -1
 3.74727  2.74727 0.785398       -1
 3.75434  2.75434 0.785398       -1
 3.76142  2.76142 0.785398       -1
 3.76849  2.76849 0.785398       -1
 3.77556  2.77556 0.785398       -1
 3.78263  2.78263 0.785398       -1
  3.7897   2.7897 0.785398       -1
 3.79677  2.79677 0.785398       -1
 3.80384  2.80384 0.785398       -1
 3.81091  2.81091 0.785398       -1
 3.81798  2.81798 0.785398       -1
 3.82505  2.82505 0.785398       -1
 3.83213  2.83213 0.785398       -1
  3.8392   2.8392 0.785398       -1
 3.84627  2.84627 0.785398       -1
 3.85334  2.85334 0.785398       -1
 3.86041  2.86041 0.785398       -1
 3.86748  2.86748 0.785398       -1
 3.87455  2.87455 0.785398       -1
 3.88162  2.88162 0.785398       -1
 3.88869  2.88869 0.785398       -1
 3.89577  2.89577 0.785398       -1
 3.90284  2.90284 0.785398       -1
 3.90991  2.90991 0.785398       -1
 3.91698  2.91698 0.785398       -1
 3.92405  2.92405 0.785398       -1
 3.93112  2.93112 0.785398       -1
 3.93819  2.93819 0.785398       -1
 3.94526  2.94526 0.785398       -1
 3.95233  2.95233 0.785398       -1
  3.9594   2.9594 0.785398       -1
 3.96648  2.96648 0.785398       -1
 3.97355  2.97355 0.785398       -1
 3.98062  2.98062 0.785398       -1
 3.98769  2.98769 0.785398       -1
 3.99476  2.99476 0.785398       -1
 4.00183  3.00183 0.785398       -1
  4.0089   3.0089 0.785398       -1
 4.01597  3.01597 0.785398       -1
 4.02304  3.02304 0.785398       -1
 4.03012  3.03012 0.785398       -1
 4.03719  3.03719 0.785398       -1
 4.04426  3.04426 0.785398       -1
 4.05133  3.05133 0.785398       -1
  4.0584   3.0584 0.785398       -1
 4.06547  3.06547 0.785398       -1
 4.07254  3.07254 0.785398       -1
 4.07961  3.07961 0.785398       -1
 4.08668  3.08668 0.785398       -1
 4.09376  3.09376 0.785398       -1
 4.10083  3.10083 0.785398       -1
  4.1079   3.1079 0.785398       -1
 4.11497  3.11497 0.785398       -1
 4.12204  3.12204 0.785398       -1
 4.12911  3.12911 0.785398       -1
 4.13618  3.13618 0.785398       -1
 4.14325  3.14325 0.785398       -1
 4.15032  3.15032 0.785398       -1
 4.15739  3.15739 0.785398       -1
 4.16447  3.16447 0.785398       -1
 4.17154  3.17154 0.785398       -1
 4.17861  3.17861 0.785398       -1
 4.18568  3.18568 0.785398       -1
 4.19275  3.19275 0.785398       -1
 4.19982  3.19982 0.785398       -1
 4.20689  3.20689 0.785398       -1
 4.21396  3.21396 0.785398       -1
 4.22103  3.22103 0.785398       -1
 4.22811  3.22811 0.785398       -1
 4.23518  3.23518 0.785398       -1
 4.24225  3.24225 0.785398       -1
 4.24932  3.24932 0.785398       -1
 4.25639  3.25639 0.785398       -1
 4.26346  3.26346 0.785398       -1
 4.27053  3.27053 0.785398       -1
  4.2776   3.2776 0.785398       -1
 4.28467  3.28467 0.785398       -1
 4.29175  3.29175 0.785398       -1
 4.29882  3.29882 0.785398       -1
 4.30589  3.30589 0.785398       -1
 4.31296  3.31296 0.785398       -1
 4.32003  3.32003 0.785398       -1
  4.3271   3.3271 0.785398       -1
 4.33417  3.33417 0.785398       -1
 4.34124  3.34124 0.785398       -1
 4.34831  3.34831 0.785398       -1
 4.35538  3.35538 0.785398       -1
 4.36246  3.36246 0.785398       -1
 4.36953  3.36953 0.785398       -1
  4.3766   3.3766 0.785398       -1
 4.38367  3.38367 0.785398       -1
 4.39074  3.39074 0.785398       -1
 4.39781  3.39781 0.785398       -1
 4.40488  3.40488 0.785398       -1
 4.41195  3.41195 0.785398       -1
 4.41902  3.41902 0.785398       -1
  4.4261   3.4261 0.785398       -1
 4.43317  3.43317 0.785398       -1
 4.44024  3.44024 0.785398       -1
 4.44731  3.44731 0.785398       -1
 4.45438  3.45438 0.785398       -1
 4.46145  3.46145 0.785398       -1
 4.46852  3.46852 0.785398       -1
 4.47559  3.47559 0.785398       -1
 4.48266  3.48266 0.785398       -1
 4.48974  3.48974 0.785398       -1
 4.49681  3.49681 0.785398       -1
 4.50388  3.50388 0.785398       -1
 4.51095  3.51095 0.785398       -1
 4.51802  3.51802 0.785398       -1
 4.52509  3.52509 0.785398       -1
 4.53216  3.53216 0.785398       -1
 4.53923  3.53923 0.785398       -1
  4.5463   3.5463 0.785398       -1
 4.55337  3.55337 0.785398       -1
 4.56045  3.56045 0.785398       -1
 4.56752  3.56752 0.785398       -1
 4.57459  3.57459 0.785398       -1
 4.58166  3.58166 0.785398       -1
 4.58873  3.58873 0.785398       -1
  4.5958   3.5958 0.785398       -1
 4.60287  3.60287 0.785398       -1
 4.60994  3.60994 0.785398       -1
 4.61701  3.61701 0.785398       -1
 4.62409  3.62409 0.785398       -1
 4.63116  3.63116 0.785398       -1
 4.63823  3.63823 0.785398       -1
  4.6453   3.6453 0.785398       -1
 4.65237  3.65237 0.785398       -1
 4.65944  3.65944 0.785398       -1
 4.66651  3.66651 0.785398       -1
 4.67358  3.67358 0.785398       -1
 4.68065  3.68065 0.785398       -1
 4.68772  3.68772 0.785398       -1
  4.6948   3.6948 0.785398       -1
 4.70187  3.70187 0.785398       -1
 4.70894  3.70894 0.785398       -1
 4.71601  3.71601 0.785398       -1
 4.72308  3.72308 0.785398       -1
 4.73015  3.73015 0.785398       -1
 4.73722  3.73722 0.785398       -1
 4.74429  3.74429 0.785398       -1
 4.75136  3.75136 0.785398       -1
 4.75844  3.75844 0.785398       -1
 4.76551  3.76551 0.785398       -1
 4.77258  3.77258 0.785398       -1
 4.77965  3.77965 0.785398       -1
 4.78672  3.78672 0.785398       -1
 4.79379  3.79379 0.785398       -1
 4.80086  3.80086 0.785398       -1
 4.80793  3.80793 0.785398       -1
   4.815    3.815 0.785398       -1
 4.82208  3.82208 0.785398       -1
 4.82915  3.82915 0.785398       -1
 4.83622  3.83622 0.785398       -1
 4.84329  3.84329 0.785398       -1
 4.85036  3.85036 0.785398       -1
 4.85743  3.85743 0.785398       -1
  4.8645   3.8645 0.785398       -1
 4.87157  3.87157 0.785398       -1
 4.87864  3.87864 0.785398       -1
 4.88571  3.88571 0.785398       -1
 4.89279  3.89279 0.785398       -1
 4.89986  3.89986 0.785398       -1
 4.90693  3.90693 0.785398       -1
   4.914    3.914 0.785398       -1
 4.92107  3.92107 0.785398       -1
 4.92814  3.92814 0.785398       -1
 4.93521  3.93521 0.785398       -1
 4.94228  3.94228 0.785398       -1
 4.94935  3.94935 0.785398       -1
 4.95643  3.95643 0.785398       -1
  4.9635   3.9635 0.785398       -1
 4.97057  3.97057 0.785398       -1
 4.97764  3.97764 0.785398       -1
 4.98471  3.98471 0.785398       -1
 4.99178  3.99178 0.785398       -1
 4.99885  3.99885 0.785398       -1
 5.00592  4.00592 0.785398       -1
 5.01299  4.01299 0.785398       -1
 5.02007  4.02007 0.785398       -1
 5.02714  4.02714 0.785398       -1
 5.03421  4.03421 0.785398       -1
 5.04128  4.04128 0.785398       -1
 5.04835  4.04835 0.785398       -1
 5.05542  4.05542 0.785398       -1
 5.06249  4.06249 0.785398       -1
 5.06956  4.06956 0.785398       -1
 5.07663  4.07663 0.785398       -1
  5.0837   4.0837 0.785398       -1
 5.09078  4.09078 0.785398       -1
     5.0963      4.0963    0.785398           0
    5.10301     4.10372    0.885398          -1
    5.10894     4.11176    0.985398          -1
    5.11404     4.12036      1.0854          -1
    5.11862     4.12925     1.09596          -1
    5.12319     4.13814     1.09596          -1
    5.12776     4.14704     1.09596          -1
    5.13233     4.15593     1.09596          -1
    5.13691     4.16482     1.09596          -1
    5.14148     4.17372     1.09596          -1
    5.14605     4.18261     1.09404          -1
    5.15108     4.19125    0.994042          -1
    5.15694     4.19935    0.894042          -1
    5.16358     4.20682    0.794042          -1
    5.17093     4.21359    0.694042          -1
    5.17893     4.21959    0.594042          -1
    5.18748     4.22476    0.494042          -1
    5.19651     4.22906    0.394042          -1
    5.20592     4.23243    0.294042          -1
    5.21562     4.23484    0.194042          -1
    5.22551     4.23628   0.0940416          -1
     5.2355     4.23672 -0.00595843          -1
    5.24548     4.23616   -0.105958          -1
    5.25535     4.23461   -0.205958          -1
    5.26502     4.23208   -0.305958          -1
    5.27439     4.22859   -0.405958          -1
    5.27787     4.22712   -0.505958           1
    5.26938      4.2324   -0.605958           1
    5.26146      4.2385   -0.705958           1
    5.25419     4.24535   -0.805958           1
     5.25      4.25 -0.868539         0
  5.25646   4.24237 -0.868539        -1
  5.26292   4.23473 -0.868539        -1
  5.26938    4.2271 -0.868539        -1
  5.27584   4.21946 -0.868539        -1
   5.2823   4.21183 -0.868539        -1
  5.28876    4.2042 -0.868539        -1
  5.29522   4.19656 -0.868539        -1
  5.30168   4.18893 -0.868539        -1
  5.30813    4.1813 -0.868539        -1
  5.31459   4.17366 -0.868539        -1
  5.32105   4.16603 -0.868539        -1
  5.32751   4.15839 -0.868539        -1
  5.33397   4.15076 -0.868539        -1
  5.34043   4.14313 -0.868539        -1
  5.34689   4.13549 -0.868539        -1
  5.35335   4.12786 -0.868539        -1
  5.35981   4.12022 -0.868539        -1
  5.36627   4.11259 -0.868539        -1
  5.37273   4.10496 -0.868539        -1
  5.37919   4.09732 -0.868539        -1
  5.38565   4.08969 -0.868539        -1
   5.3904   4.08407 -0.868539         0
  5.39686   4.07644 -0.868539        -1
  5.40332    4.0688 -0.868539        -1
  5.40978   4.06117 -0.868539        -1
  5.41624   4.05353 -0.868539        -1
   5.4227    4.0459 -0.868539        -1
  5.42916   4.03827 -0.868539        -1
  5.43562   4.03063 -0.868539        -1
  5.44208     4.023 -0.868539        -1
  5.44854   4.01537 -0.868539        -1
    5.455   4.00773 -0.868539        -1
  5.46146    4.0001 -0.868539        -1
  5.46792   3.99246 -0.868539        -1
  5.47437   3.98483 -0.868539        -1
  5.48083    3.9772 -0.868539        -1
  5.48729   3.96956 -0.868539        -1
  5.49375   3.96193 -0.868539        -1
  5.50021   3.95429 -0.868539        -1
  5.50667   3.94666 -0.868539        -1
  5.51313   3.93903 -0.868539        -1
  5.51959   3.93139 -0.868539        -1
  5.52605   3.92376 -0.868539        -1
  5.53251   3.91613 -0.868539        -1
  5.53897   3.90849 -0.868539        -1
  5.54543   3.90086 -0.868539        -1
  5.55189   3.89322 -0.868539        -1
  5.55835   3.88559 -0.868539        -1
  5.56481   3.87796 -0.868539        -1
  5.57127   3.87032 -0.868539        -1
  5.57773   3.86269 -0.868539        -1
  5.58418   3.85505 -0.868539        -1
  5.59064   3.84742 -0.868539        -1
   5.5971   3.83979 -0.868539        -1
  5.60356   3.83215 -0.868539        -1
  5.61002   3.82452 -0.868539        -1
  5.61648   3.81689 -0.868539        -1
  5.62294   3.80925 -0.868539        -1
   5.6294   3.80162 -0.868539        -1
  5.63586   3.79398 -0.868539        -1
  5.64232   3.78635 -0.868539        -1
  5.64878   3.77872 -0.868539        -1
  5.65524   3.77108 -0.868539        -1
   5.6617   3.76345 -0.868539        -1
  5.66816   3.75581 -0.868539        -1
  5.67462   3.74818 -0.868539        -1
  5.68108   3.74055 -0.868539        -1
  5.68754   3.73291 -0.868539        -1
  5.69399   3.72528 -0.868539        -1
  5.70045   3.71765 -0.868539        -1
  5.70691   3.71001 -0.868539        -1
  5.71337   3.70238 -0.868539        -1
  5.71983   3.69474 -0.868539        -1
  5.72629   3.68711 -0.868539        -1
  5.73275   3.67948 -0.868539        -1
  5.73921   3.67184 -0.868539        -1
  5.74567   3.66421 -0.868539        -1
  5.75213   3.65657 -0.868539        -1
  5.75859   3.64894 -0.868539        -1
  5.76505   3.64131 -0.868539        -1
  5.77151   3.63367 -0.868539        -1
  5.77797   3.62604 -0.868539        -1
  5.78443    3.6184 -0.868539        -1
  5.79089   3.61077 -0.868539        -1
  5.79735   3.60314 -0.868539        -1
